Found a solution!!!
    114   
   11447  
  5514777 
 555440722
 959800022
 999833002
  9883333 
   66366  
    666   

6 0
Found a solution!!!
    222   
   72203  
  7770036 
 447003366
 144403336
 111488866
  1559986 
   55599  
    599   

5 0
Found a solution!!!
    222   
   30227  
  6300777 
 663300744
 633304441
 668884111
  6899551 
   99555  
    995   

4 0
Found a solution!!!
    411   
   74411  
  7774155 
 227044555
 220008959
 200338999
  3333889 
   66366  
    666   

3 0
Found a solution!!!
    599   
   55599  
  1559986 
 111488866
 144403336
 447003366
  7770036 
   72203  
    222   

2 0
Found a solution!!!
    666   
   66366  
  9883333 
 999833002
 959800022
 555440722
  5514777 
   11447  
    114   

1 0
Found a solution!!!
    666   
   66366  
  3333889 
 200338999
 220008959
 227044555
  7774155 
   74411  
    411   

0 0
Found a solution!!!
    995   
   99555  
  6899551 
 668884111
 633304441
 663300744
  6300777 
   30227  
    222   

Done searching

real    103m28.902s
user    103m20.859s
sys 0m7.647s
