Found a solution!!!
     3     
     3     
   99330   
  9933300  
 449980011 
55444801122
555 488 122
 5  666  2 
   66766   
    777    
     7     

2 0
Found a solution!!!
     3     
     3     
   99330   
  9933300  
 449980022 
55444802221
555 488 111
 5  666  1 
   66766   
    777    
     7     

1 0
Found a solution!!!
     3     
     3     
   03399   
  0033399  
 110089944 
22110844455
221 884 555
 2  666  5 
   66766   
    777    
     7     

0 0
Found a solution!!!
     3     
     3     
   03399   
  0033399  
 220089944 
12220844455
111 884 555
 1  666  5 
   66766   
    777    
     7     

Done searching
